30530007
31573000
32507300
33500730
34500073
30400007
31470000
32407000
33400700
34400070
30430036
31463003
32436300
33403630
34400363
30303353
31330335
32353033
33335303
34333530
20360000
21306000
22300600
23300060
24300006
20200053
21253000
22205300
23230005
24200530
20200050
21205000
22200500
23200005
24250000
20200142
21220014
22242001
23214200
24201420
20123030
21102303
22130230
23103023
24130302
20100322
21102230
22123002
23120023
24132200
10100400
11100040
12100004
13140000
14104000
10001111
11010111
12011011
13011101
14011110
10001211
11010121
12011012
13021101
14012110
10003000
11000003
12000030
13030000
14000300
10000021
11010002
12021000
13002100
14000210
10031001
11001310
12013100
13010013
14000131
10002201
11010220
12001022
13020102
14022010
10002002
11000202
12002020
13020020
14020200